receive=[1365748411900,1365748412761,1365748413621,1365748414471,1365748415341,1365748416205,1365748417083,1365748417963,1365748418844,1365748419722,1365748420598,1365748421461,1365748422323,1365748423196,1365748424065,1365748424945,1365748425825,1365748426704,1365748427582,1365748428463,1365748429338,1365748430205,1365748431074,1365748431938,1365748432804,1365748433681,1365748434554,1365748435430,1365748436300,1365748437169,1365748438039,1365748438911,1365748439785,1365748440664,1365748441546,1365748442425,1365748443309,1365748444186,1365748445068,1365748445939,1365748446805,1365748447676,1365748448552,1365748449439,1365748450322,1365748451203,1365748452083,1365748452965,1365748453842,1365748454712,1365748455593,1365748456471,1365748457352,1365748458232,1365748459102,1365748459981,1365748460862,1365748461745,1365748462614,1365748463493,1365748464374,1365748465253,1365748466132,1365748467017,1365748467891,1365748468763,1365748469639,1365748470531,1365748471416,1365748472291,1365748473170,1365748474049,1365748474908,1365748475779,1365748476637,1365748477511,1365748478377,1365748479252,1365748480129,1365748480990,1365748481854,1365748482719,1365748483582,1365748484464,1365748485341,1365748486222,1365748487100,1365748487971,1365748488851,1365748489730,1365748490615,1365748491489,1365748492346,1365748493209,1365748494085,1365748494970,1365748495860,1365748496749,1365748497621,1365748498492,1365748499370,1365748500240,1365748501110,1365748501990,1365748502861,1365748503745,1365748504621,1365748505501,1365748506371,1365748507239,1365748508107,1365748508978,1365748509850,1365748510718,1365748511590,1365748512451,1365748513330,1365748514199,1365748515064,1365748515939,1365748516801,1365748517663,1365748518539,1365748519400,1365748520273,1365748521149,1365748522020,1365748522891,1365748523758,1365748524617,1365748525480,1365748526338,1365748527194,1365748528060,1365748528939,1365748529810,1365748530680,1365748531559,1365748532429,1365748533301,1365748534181,1365748535060,1365748535929,1365748536800,1365748537669,1365748538515,1365748539367,1365748540236,1365748541102,1365748541969,1365748542840,1365748543731,1365748544614,1365748545489,1365748546360,1365748547230,1365748548100,1365748548989,1365748549861,1365748550731,1365748551598,1365748552460,1365748553328,1365748554198,1365748555074,1365748555948,1365748556819,1365748557689,1365748558558,1365748559439,1365748560309,1365748561170,1365748562031,1365748562909,1365748563778,1365748564648,1365748565520,1365748566388,1365748567260,1365748568129,1365748569000,1365748569873,1365748570750,1365748571626,1365748572502,1365748573381,1365748574260,1365748575139,1365748576030,1365748576900,1365748577767,1365748578634,1365748579509,1365748580378,1365748581241,1365748582110,1365748582979,1365748583848,1365748584718,1365748585589,1365748586458,1365748587328,1365748588198,1365748589069,1365748589938,1365748590808,1365748591678,1365748592547,1365748593419,1365748594288,1365748595158,1365748596028,1365748596899,1365748597778,1365748598650,1365748599519,1365748600389,1365748601257,1365748602129,1365748603000,1365748603868,1365748604738,1365748605609,1365748606479,1365748607355,1365748608230,1365748609094,1365748609969,1365748610842,1365748611721,1365748612575,1365748613449,1365748614319,1365748615188,1365748616059,1365748616929,1365748617799,1365748618669,1365748619541,1365748620411,1365748621273,1365748622148,1365748623006,1365748623886,1365748624751,1365748625627,1365748626498,1365748627367,1365748628238,1365748629109,1365748629978,1365748630847,1365748631720,1365748632587,1365748633458,1365748634328,1365748635199,1365748636068,1365748636941,1365748637820,1365748638688,1365748639560,1365748640439,1365748641311,1365748642184,1365748643058,1365748643924,1365748644798,1365748645667,1365748646540,1365748647408,1365748648271,1365748649145,1365748650013,1365748650910,1365748651792,1365748652679,1365748653544,1365748654451,1365748655412,1365748656342,1365748657231,1365748658110,1365748658989,1365748659869,1365748660800,1365748661732,1365748662714,1365748663600,1365748664476,1365748665360,1365748666239,1365748667162,1365748668086,1365748669014,1365748669943,1365748670860,1365748671823,1365748672790,1365748673680,1365748674560,1365748675439,1365748676320,1365748677238,1365748678162,1365748679082,1365748680031,1365748680920,1365748681801,1365748682688,1365748683569,1365748684515,1365748685467,1365748686429,1365748687398,1365748688355,1365748689291,1365748690217,1365748691184,1365748692113,1365748692994,1365748693879,1365748694743,1365748695628,1365748696550,1365748697492,1365748698431,1365748699385,1365748700335,1365748701258,1365748702206,1365748703155,1365748704105,1365748705014,1365748705929,1365748706885,1365748707835,1365748708771,1365748709685,1365748710608,1365748711550,1365748712515,1365748713410,1365748714289,1365748715174,1365748716060,1365748716969,1365748717859,1365748718739,1365748719620];
